-4.824503436212297380e-01 0.000000000000000000e+00
-4.696826521572141644e-01 0.000000000000000000e+00
-4.569149606931985352e-01 0.000000000000000000e+00
-4.441472692291829616e-01 0.000000000000000000e+00
-4.313795777651673324e-01 0.000000000000000000e+00
-4.186118863011517588e-01 0.000000000000000000e+00
-4.058441948371361851e-01 0.000000000000000000e+00
-3.930765033731205560e-01 0.000000000000000000e+00
-3.803088119091049824e-01 0.000000000000000000e+00
-3.675411204450893532e-01 0.000000000000000000e+00
-3.547734289810737796e-01 0.000000000000000000e+00
-3.420057375170582059e-01 0.000000000000000000e+00
-3.292380460530425768e-01 0.000000000000000000e+00
-3.164703545890269476e-01 0.000000000000000000e+00
-3.037026631250113740e-01 0.000000000000000000e+00
-2.909349716609958003e-01 0.000000000000000000e+00
-2.781672801969802267e-01 0.000000000000000000e+00
-2.653995887329645975e-01 0.000000000000000000e+00
-2.526318972689489684e-01 0.000000000000000000e+00
-2.398642058049334225e-01 0.000000000000000000e+00
-2.270965143409178211e-01 0.000000000000000000e+00
-2.143288228769021919e-01 0.000000000000000000e+00
-2.015611314128866183e-01 0.000000000000000000e+00
-1.887934399488710446e-01 0.000000000000000000e+00
-1.760257484848554155e-01 0.000000000000000000e+00
-1.632580570208398418e-01 0.000000000000000000e+00
-1.504903655568242127e-01 0.000000000000000000e+00
-1.377226740928086390e-01 0.000000000000000000e+00
-1.249549826287930654e-01 0.000000000000000000e+00
-1.121872911647774362e-01 0.000000000000000000e+00
-9.941959970076186259e-02 0.000000000000000000e+00
-8.665190823674623344e-02 0.000000000000000000e+00
-7.388421677273065979e-02 0.000000000000000000e+00
-6.111652530871508615e-02 0.000000000000000000e+00
-4.834883384469945700e-02 0.000000000000000000e+00
-3.558114238068388335e-02 0.000000000000000000e+00
-2.281345091666825420e-02 0.000000000000000000e+00
-1.004575945265268055e-02 0.000000000000000000e+00
2.721932011362893089e-03 0.000000000000000000e+00
1.548962347537852224e-02 0.000000000000000000e+00
2.825731493939409589e-02 0.000000000000000000e+00
4.102500640340966953e-02 1.000000000000000000e+00
5.379269786742535420e-02 0.000000000000000000e+00
6.656038933144092784e-02 0.000000000000000000e+00
7.932808079545650148e-02 1.000000000000000000e+00
9.209577225947207513e-02 1.000000000000000000e+00
1.048634637234876488e-01 1.000000000000000000e+00
1.176311551875033334e-01 0.000000000000000000e+00
1.303988466515189071e-01 1.000000000000000000e+00
1.431665381155344807e-01 0.000000000000000000e+00
1.559342295795500544e-01 2.000000000000000000e+00
1.687019210435656280e-01 2.000000000000000000e+00
1.814696125075813127e-01 2.000000000000000000e+00
1.942373039715968863e-01 1.000000000000000000e+00
2.070049954356124600e-01 0.000000000000000000e+00
2.197726868996280336e-01 0.000000000000000000e+00
2.325403783636436073e-01 1.000000000000000000e+00
2.453080698276592919e-01 2.000000000000000000e+00
2.580757612916748656e-01 1.000000000000000000e+00
2.708434527556904392e-01 3.000000000000000000e+00
2.836111442197060128e-01 0.000000000000000000e+00
2.963788356837215865e-01 0.000000000000000000e+00
3.091465271477372712e-01 2.000000000000000000e+00
3.219142186117528448e-01 3.000000000000000000e+00
3.346819100757684184e-01 1.000000000000000000e+00
3.474496015397839921e-01 4.000000000000000000e+00
3.602172930037995657e-01 1.000000000000000000e+00
3.729849844678152504e-01 1.000000000000000000e+00
3.857526759318308240e-01 4.000000000000000000e+00
3.985203673958463977e-01 1.000000000000000000e+00
4.112880588598619713e-01 2.000000000000000000e+00
4.240557503238775450e-01 6.000000000000000000e+00
4.368234417878932296e-01 3.000000000000000000e+00
4.495911332519088033e-01 2.000000000000000000e+00
4.623588247159243769e-01 3.000000000000000000e+00
4.751265161799399506e-01 3.000000000000000000e+00
4.878942076439555242e-01 5.000000000000000000e+00
5.006618991079712089e-01 3.000000000000000000e+00
5.134295905719867825e-01 1.000000000000000000e+01
5.261972820360023562e-01 8.000000000000000000e+00
5.389649735000179298e-01 1.000000000000000000e+01
5.517326649640335035e-01 2.500000000000000000e+01
5.645003564280490771e-01 2.800000000000000000e+01
5.772680478920646507e-01 4.400000000000000000e+01
5.900357393560804464e-01 5.000000000000000000e+01
6.028034308200960201e-01 4.500000000000000000e+01
6.155711222841115937e-01 5.300000000000000000e+01
6.283388137481271674e-01 7.300000000000000000e+01
6.411065052121427410e-01 6.900000000000000000e+01
6.538741966761583146e-01 8.400000000000000000e+01
6.666418881401738883e-01 8.900000000000000000e+01
6.794095796041894619e-01 9.700000000000000000e+01
6.921772710682050356e-01 1.080000000000000000e+02
7.049449625322206092e-01 1.100000000000000000e+02
7.177126539962364049e-01 9.300000000000000000e+01
7.304803454602519786e-01 7.900000000000000000e+01
7.432480369242675522e-01 9.600000000000000000e+01
7.560157283882831258e-01 1.130000000000000000e+02
7.687834198522986995e-01 1.130000000000000000e+02
7.815511113163142731e-01 1.240000000000000000e+02
7.943188027803298468e-01 1.120000000000000000e+02
8.070864942443454204e-01 1.820000000000000000e+02
8.198541857083609941e-01 1.730000000000000000e+02
8.326218771723765677e-01 2.120000000000000000e+02
8.453895686363923634e-01 2.300000000000000000e+02
8.581572601004079370e-01 2.410000000000000000e+02
8.709249515644235107e-01 2.930000000000000000e+02
8.836926430284390843e-01 3.050000000000000000e+02
8.964603344924546580e-01 3.380000000000000000e+02
9.092280259564702316e-01 3.210000000000000000e+02
9.219957174204858052e-01 3.670000000000000000e+02
9.347634088845013789e-01 3.690000000000000000e+02
9.475311003485169525e-01 3.770000000000000000e+02
9.602987918125325262e-01 3.960000000000000000e+02
9.730664832765483219e-01 4.040000000000000000e+02
9.858341747405638955e-01 4.870000000000000000e+02
9.986018662045794692e-01 4.130000000000000000e+02
1.011369557668595043e+00 4.570000000000000000e+02
1.024137249132610616e+00 4.450000000000000000e+02
1.036904940596626190e+00 4.990000000000000000e+02
1.049672632060641764e+00 5.290000000000000000e+02
1.062440323524657337e+00 5.130000000000000000e+02
1.075208014988672911e+00 5.360000000000000000e+02
1.087975706452688485e+00 5.810000000000000000e+02
1.100743397916704280e+00 5.550000000000000000e+02
1.113511089380719854e+00 5.750000000000000000e+02
1.126278780844735428e+00 5.700000000000000000e+02
1.139046472308751001e+00 6.040000000000000000e+02
1.151814163772766575e+00 6.010000000000000000e+02
1.164581855236782149e+00 5.880000000000000000e+02
1.177349546700797722e+00 6.300000000000000000e+02
1.190117238164813296e+00 6.180000000000000000e+02
1.202884929628828869e+00 6.480000000000000000e+02
1.215652621092844665e+00 6.320000000000000000e+02
1.228420312556860239e+00 6.610000000000000000e+02
1.241188004020875812e+00 6.620000000000000000e+02
1.253955695484891386e+00 6.700000000000000000e+02
1.266723386948906960e+00 6.790000000000000000e+02
1.279491078412922533e+00 7.220000000000000000e+02
1.292258769876938107e+00 6.970000000000000000e+02
1.305026461340953681e+00 7.570000000000000000e+02
1.317794152804969254e+00 7.160000000000000000e+02
1.330561844268984828e+00 7.010000000000000000e+02
1.343329535733000624e+00 7.470000000000000000e+02
1.356097227197016197e+00 7.510000000000000000e+02
1.368864918661031771e+00 7.410000000000000000e+02
1.381632610125047345e+00 7.700000000000000000e+02
1.394400301589062918e+00 7.730000000000000000e+02
1.407167993053078492e+00 7.410000000000000000e+02
1.419935684517094066e+00 7.530000000000000000e+02
1.432703375981109639e+00 7.800000000000000000e+02
1.445471067445125213e+00 7.760000000000000000e+02
1.458238758909140786e+00 8.470000000000000000e+02
1.471006450373156582e+00 7.700000000000000000e+02
1.483774141837172156e+00 8.370000000000000000e+02
1.496541833301187729e+00 8.070000000000000000e+02
1.509309524765203303e+00 8.520000000000000000e+02
1.522077216229218877e+00 8.380000000000000000e+02
1.534844907693234450e+00 8.140000000000000000e+02
1.547612599157250024e+00 8.380000000000000000e+02
1.560380290621265598e+00 8.840000000000000000e+02
1.573147982085281171e+00 8.640000000000000000e+02
1.585915673549296745e+00 9.210000000000000000e+02
1.598683365013312319e+00 8.990000000000000000e+02
1.611451056477327892e+00 9.220000000000000000e+02
1.624218747941343466e+00 8.430000000000000000e+02
1.636986439405359040e+00 9.330000000000000000e+02
1.649754130869374613e+00 9.040000000000000000e+02
1.662521822333390631e+00 9.310000000000000000e+02
1.675289513797406205e+00 9.390000000000000000e+02
1.688057205261421778e+00 9.760000000000000000e+02
1.700824896725437352e+00 9.740000000000000000e+02
1.713592588189452925e+00 9.720000000000000000e+02
1.726360279653468499e+00 1.047000000000000000e+03
1.739127971117484073e+00 1.053000000000000000e+03
1.751895662581499646e+00 9.790000000000000000e+02
1.764663354045515220e+00 1.061000000000000000e+03
1.777431045509530794e+00 1.031000000000000000e+03
1.790198736973546367e+00 1.012000000000000000e+03
1.802966428437561941e+00 1.029000000000000000e+03
1.815734119901577515e+00 1.050000000000000000e+03
1.828501811365593088e+00 1.029000000000000000e+03
1.841269502829608662e+00 1.026000000000000000e+03
1.854037194293624236e+00 1.136000000000000000e+03
1.866804885757639809e+00 1.101000000000000000e+03
1.879572577221655383e+00 1.090000000000000000e+03
1.892340268685670956e+00 1.077000000000000000e+03
1.905107960149686530e+00 1.137000000000000000e+03
1.917875651613702548e+00 1.110000000000000000e+03
1.930643343077718121e+00 1.191000000000000000e+03
1.943411034541733695e+00 1.187000000000000000e+03
1.956178726005749269e+00 1.159000000000000000e+03
1.968946417469764842e+00 1.153000000000000000e+03
1.981714108933780416e+00 1.175000000000000000e+03
1.994481800397795990e+00 1.309000000000000000e+03
2.007249491861811563e+00 1.225000000000000000e+03
2.020017183325827137e+00 1.153000000000000000e+03
2.032784874789842711e+00 1.269000000000000000e+03
2.045552566253858284e+00 1.280000000000000000e+03
2.058320257717873858e+00 1.233000000000000000e+03
2.071087949181889432e+00 1.278000000000000000e+03
2.083855640645905005e+00 1.236000000000000000e+03
2.096623332109920579e+00 1.326000000000000000e+03
2.109391023573936153e+00 1.309000000000000000e+03
2.122158715037951726e+00 1.301000000000000000e+03
2.134926406501967300e+00 1.361000000000000000e+03
2.147694097965982873e+00 1.346000000000000000e+03
2.160461789429998891e+00 1.339000000000000000e+03
2.173229480894014465e+00 1.311000000000000000e+03
2.185997172358030038e+00 1.296000000000000000e+03
2.198764863822045612e+00 1.363000000000000000e+03
2.211532555286061186e+00 1.405000000000000000e+03
2.224300246750076759e+00 1.436000000000000000e+03
2.237067938214092333e+00 1.416000000000000000e+03
2.249835629678107907e+00 1.459000000000000000e+03
2.262603321142123480e+00 1.442000000000000000e+03
2.275371012606139054e+00 1.481000000000000000e+03
2.288138704070154628e+00 1.451000000000000000e+03
2.300906395534170201e+00 1.579000000000000000e+03
2.313674086998185775e+00 1.474000000000000000e+03
2.326441778462201349e+00 1.480000000000000000e+03
2.339209469926216922e+00 1.538000000000000000e+03
2.351977161390232496e+00 1.547000000000000000e+03
2.364744852854248069e+00 1.559000000000000000e+03
2.377512544318263643e+00 1.540000000000000000e+03
2.390280235782279217e+00 1.608000000000000000e+03
2.403047927246294790e+00 1.602000000000000000e+03
2.415815618710310808e+00 1.599000000000000000e+03
2.428583310174326382e+00 1.664000000000000000e+03
2.441351001638341955e+00 1.646000000000000000e+03
2.454118693102357529e+00 1.739000000000000000e+03
2.466886384566373103e+00 1.802000000000000000e+03
2.479654076030388676e+00 1.829000000000000000e+03
2.492421767494404250e+00 1.933000000000000000e+03
2.505189458958419824e+00 2.086000000000000000e+03
2.517957150422435397e+00 2.242000000000000000e+03
2.530724841886450971e+00 2.705000000000000000e+03
2.543492533350466545e+00 3.039000000000000000e+03
2.556260224814482118e+00 3.108000000000000000e+03
2.569027916278497692e+00 2.914000000000000000e+03
2.581795607742513265e+00 2.598000000000000000e+03
2.594563299206528839e+00 2.254000000000000000e+03
2.607330990670544413e+00 2.091000000000000000e+03
2.620098682134559986e+00 1.956000000000000000e+03
2.632866373598575560e+00 1.959000000000000000e+03
2.645634065062591134e+00 1.920000000000000000e+03
2.658401756526606707e+00 1.947000000000000000e+03
2.671169447990622725e+00 2.186000000000000000e+03
2.683937139454638299e+00 2.945000000000000000e+03
2.696704830918653872e+00 4.276000000000000000e+03
2.709472522382669446e+00 4.649000000000000000e+03
2.722240213846685020e+00 3.552000000000000000e+03
2.735007905310700593e+00 2.320000000000000000e+03
2.747775596774716167e+00 1.970000000000000000e+03
2.760543288238731741e+00 1.927000000000000000e+03
2.773310979702747314e+00 1.919000000000000000e+03
2.786078671166762888e+00 1.975000000000000000e+03
2.798846362630778462e+00 1.902000000000000000e+03
2.811614054094794035e+00 1.964000000000000000e+03
2.824381745558809609e+00 2.030000000000000000e+03
2.837149437022825182e+00 2.013000000000000000e+03
2.849917128486840756e+00 2.082000000000000000e+03
2.862684819950856330e+00 2.202000000000000000e+03
2.875452511414871903e+00 2.699000000000000000e+03
2.888220202878887477e+00 9.276000000000000000e+03
2.900987894342903051e+00 2.426200000000000000e+04
2.913755585806919068e+00 2.789900000000000000e+04
2.926523277270934642e+00 1.842200000000000000e+04
2.939290968734950216e+00 3.852000000000000000e+03
2.952058660198965789e+00 2.434000000000000000e+03
2.964826351662981363e+00 2.273000000000000000e+03
2.977594043126996937e+00 2.399000000000000000e+03
2.990361734591012510e+00 2.389000000000000000e+03
3.003129426055028084e+00 2.439000000000000000e+03
3.015897117519043658e+00 2.434000000000000000e+03
3.028664808983059231e+00 2.436000000000000000e+03
3.041432500447074805e+00 2.528000000000000000e+03
3.054200191911090378e+00 2.491000000000000000e+03
3.066967883375105952e+00 2.598000000000000000e+03
3.079735574839121526e+00 2.538000000000000000e+03
3.092503266303137099e+00 2.633000000000000000e+03
3.105270957767152673e+00 2.697000000000000000e+03
3.118038649231168247e+00 2.704000000000000000e+03
3.130806340695183820e+00 2.738000000000000000e+03
3.143574032159199394e+00 2.841000000000000000e+03
3.156341723623214968e+00 2.879000000000000000e+03
3.169109415087230985e+00 2.903000000000000000e+03
3.181877106551246559e+00 2.832000000000000000e+03
3.194644798015262133e+00 2.910000000000000000e+03
3.207412489479277706e+00 2.785000000000000000e+03
3.220180180943293280e+00 2.866000000000000000e+03
3.232947872407308854e+00 2.876000000000000000e+03
3.245715563871324427e+00 2.898000000000000000e+03
3.258483255335340001e+00 2.883000000000000000e+03
3.271250946799355575e+00 2.860000000000000000e+03
3.284018638263371148e+00 2.856000000000000000e+03
3.296786329727386722e+00 2.913000000000000000e+03
3.309554021191402295e+00 2.726000000000000000e+03
3.322321712655417869e+00 2.841000000000000000e+03
3.335089404119433443e+00 2.689000000000000000e+03
3.347857095583449016e+00 2.792000000000000000e+03
3.360624787047464590e+00 2.644000000000000000e+03
3.373392478511480164e+00 2.650000000000000000e+03
3.386160169975495737e+00 2.667000000000000000e+03
3.398927861439511311e+00 2.641000000000000000e+03
3.411695552903526885e+00 2.636000000000000000e+03
3.424463244367542902e+00 2.568000000000000000e+03
3.437230935831558476e+00 2.605000000000000000e+03
3.449998627295574050e+00 2.604000000000000000e+03
3.462766318759589623e+00 2.606000000000000000e+03
3.475534010223605197e+00 2.666000000000000000e+03
3.488301701687620771e+00 2.562000000000000000e+03
3.501069393151636344e+00 2.577000000000000000e+03
3.513837084615651918e+00 2.621000000000000000e+03
3.526604776079667491e+00 2.504000000000000000e+03
3.539372467543682621e+00 2.598000000000000000e+03
3.552140159007698639e+00 2.587000000000000000e+03
3.564907850471714656e+00 2.579000000000000000e+03
3.577675541935729786e+00 2.565000000000000000e+03
3.590443233399745804e+00 2.547000000000000000e+03
3.603210924863760933e+00 2.653000000000000000e+03
3.615978616327776951e+00 2.684000000000000000e+03
3.628746307791792081e+00 2.638000000000000000e+03
3.641513999255808098e+00 2.656000000000000000e+03
3.654281690719823228e+00 2.734000000000000000e+03
3.667049382183839246e+00 2.651000000000000000e+03
3.679817073647854375e+00 2.773000000000000000e+03
3.692584765111870393e+00 2.776000000000000000e+03
3.705352456575885522e+00 2.692000000000000000e+03
3.718120148039901540e+00 2.769000000000000000e+03
3.730887839503916670e+00 2.860000000000000000e+03
3.743655530967932688e+00 2.775000000000000000e+03
3.756423222431947817e+00 2.794000000000000000e+03
3.769190913895963835e+00 2.742000000000000000e+03
3.781958605359978964e+00 2.876000000000000000e+03
3.794726296823994982e+00 2.893000000000000000e+03
3.807493988288011000e+00 2.932000000000000000e+03
3.820261679752026129e+00 2.962000000000000000e+03
3.833029371216042147e+00 3.101000000000000000e+03
3.845797062680057277e+00 3.206000000000000000e+03
3.858564754144073294e+00 3.324000000000000000e+03
3.871332445608088424e+00 3.439000000000000000e+03
3.884100137072104442e+00 3.360000000000000000e+03
3.896867828536119571e+00 3.312000000000000000e+03
3.909635520000135589e+00 3.395000000000000000e+03
3.922403211464150719e+00 3.256000000000000000e+03
3.935170902928166736e+00 3.485000000000000000e+03
3.947938594392181866e+00 3.664000000000000000e+03
3.960706285856197884e+00 3.969000000000000000e+03
3.973473977320213013e+00 4.844000000000000000e+03
3.986241668784229031e+00 5.346000000000000000e+03
3.999009360248244160e+00 6.815000000000000000e+03
4.011777051712259734e+00 1.516700000000000000e+04
4.024544743176274864e+00 1.995100000000000000e+04
4.037312434640291769e+00 1.608100000000000000e+04
4.050080126104306899e+00 6.451000000000000000e+03
4.062847817568322029e+00 3.872000000000000000e+03
4.075615509032338935e+00 3.473000000000000000e+03
4.088383200496354064e+00 3.278000000000000000e+03
4.101150891960369194e+00 3.339000000000000000e+03
4.113918583424384323e+00 3.309000000000000000e+03
4.126686274888401229e+00 3.273000000000000000e+03
4.139453966352416359e+00 3.297000000000000000e+03
4.152221657816431488e+00 3.286000000000000000e+03
4.164989349280446618e+00 3.205000000000000000e+03
4.177757040744463524e+00 3.341000000000000000e+03
4.190524732208478653e+00 3.355000000000000000e+03
4.203292423672493783e+00 3.247000000000000000e+03
4.216060115136508912e+00 3.184000000000000000e+03
4.228827806600525818e+00 3.194000000000000000e+03
4.241595498064540948e+00 3.283000000000000000e+03
4.254363189528556077e+00 3.166000000000000000e+03
4.267130880992571207e+00 3.269000000000000000e+03
4.279898572456588113e+00 3.297000000000000000e+03
4.292666263920603242e+00 3.163000000000000000e+03
4.305433955384618372e+00 3.111000000000000000e+03
4.318201646848635278e+00 3.247000000000000000e+03
4.330969338312650407e+00 3.149000000000000000e+03
4.343737029776665537e+00 3.169000000000000000e+03
4.356504721240680666e+00 3.061000000000000000e+03
4.369272412704697572e+00 3.162000000000000000e+03
4.382040104168712702e+00 3.046000000000000000e+03
4.394807795632727832e+00 3.062000000000000000e+03
4.407575487096742961e+00 3.151000000000000000e+03
4.420343178560759867e+00 3.244000000000000000e+03
4.433110870024774997e+00 3.117000000000000000e+03
4.445878561488790126e+00 3.166000000000000000e+03
4.458646252952805256e+00 3.121000000000000000e+03
4.471413944416822162e+00 3.138000000000000000e+03
4.484181635880837291e+00 3.112000000000000000e+03
4.496949327344852421e+00 3.141000000000000000e+03
4.509717018808867550e+00 3.074000000000000000e+03
4.522484710272884456e+00 3.105000000000000000e+03
4.535252401736899586e+00 3.257000000000000000e+03
4.548020093200914715e+00 3.143000000000000000e+03
4.560787784664931621e+00 3.222000000000000000e+03
4.573555476128946751e+00 3.141000000000000000e+03
4.586323167592961880e+00 3.134000000000000000e+03
4.599090859056977010e+00 3.064000000000000000e+03
4.611858550520993916e+00 3.149000000000000000e+03
4.624626241985009045e+00 3.135000000000000000e+03
4.637393933449024175e+00 3.105000000000000000e+03
4.650161624913039304e+00 3.098000000000000000e+03
4.662929316377056210e+00 3.049000000000000000e+03
4.675697007841071340e+00 3.303000000000000000e+03
4.688464699305086469e+00 3.336000000000000000e+03
4.701232390769101599e+00 3.494000000000000000e+03
4.714000082233118505e+00 4.165000000000000000e+03
4.726767773697133634e+00 7.698000000000000000e+03
4.739535465161148764e+00 2.148000000000000000e+04
4.752303156625163894e+00 2.839800000000000000e+04
4.765070848089180799e+00 2.141400000000000000e+04
4.777838539553195929e+00 7.184000000000000000e+03
4.790606231017211059e+00 4.054000000000000000e+03
4.803373922481227964e+00 3.677000000000000000e+03
4.816141613945243094e+00 3.410000000000000000e+03
4.828909305409258224e+00 3.420000000000000000e+03
4.841676996873273353e+00 3.575000000000000000e+03
4.854444688337290259e+00 5.430000000000000000e+03
4.867212379801305389e+00 9.623000000000000000e+03
4.879980071265320518e+00 9.791000000000000000e+03
4.892747762729335648e+00 6.303000000000000000e+03
4.905515454193352554e+00 3.596000000000000000e+03
4.918283145657367683e+00 3.446000000000000000e+03
4.931050837121382813e+00 3.479000000000000000e+03
4.943818528585397942e+00 3.330000000000000000e+03
4.956586220049414848e+00 3.393000000000000000e+03
4.969353911513429978e+00 3.200000000000000000e+03
4.982121602977445107e+00 3.188000000000000000e+03
4.994889294441460237e+00 3.130000000000000000e+03
5.007656985905477143e+00 3.279000000000000000e+03
5.020424677369492272e+00 3.316000000000000000e+03
5.033192368833507402e+00 3.675000000000000000e+03
5.045960060297522531e+00 4.121000000000000000e+03
5.058727751761539437e+00 7.613000000000000000e+03
5.071495443225554567e+00 3.466500000000000000e+04
5.084263134689569696e+00 6.447900000000000000e+04
5.097030826153586602e+00 5.764200000000000000e+04
5.109798517617601732e+00 2.072100000000000000e+04
5.122566209081616861e+00 5.142000000000000000e+03
5.135333900545631991e+00 4.069000000000000000e+03
5.148101592009648897e+00 3.802000000000000000e+03
5.160869283473664026e+00 3.594000000000000000e+03
5.173636974937679156e+00 3.724000000000000000e+03
5.186404666401694286e+00 3.822000000000000000e+03
5.199172357865711191e+00 3.844000000000000000e+03
5.211940049329726321e+00 3.698000000000000000e+03
5.224707740793741451e+00 3.355000000000000000e+03
5.237475432257756580e+00 3.235000000000000000e+03
5.250243123721773486e+00 3.131000000000000000e+03
5.263010815185788616e+00 3.048000000000000000e+03
5.275778506649803745e+00 3.028000000000000000e+03
5.288546198113818875e+00 2.996000000000000000e+03
5.301313889577835781e+00 2.918000000000000000e+03
5.314081581041850910e+00 2.995000000000000000e+03
5.326849272505866040e+00 2.914000000000000000e+03
5.339616963969882946e+00 2.844000000000000000e+03
5.352384655433898075e+00 2.952000000000000000e+03
5.365152346897913205e+00 2.941000000000000000e+03
5.377920038361928334e+00 2.986000000000000000e+03
5.390687729825945240e+00 2.820000000000000000e+03
5.403455421289960370e+00 3.067000000000000000e+03
5.416223112753975499e+00 3.234000000000000000e+03
5.428990804217990629e+00 3.327000000000000000e+03
5.441758495682007535e+00 3.148000000000000000e+03
5.454526187146022664e+00 3.191000000000000000e+03
5.467293878610037794e+00 3.221000000000000000e+03
5.480061570074052923e+00 2.942000000000000000e+03
5.492829261538069829e+00 2.854000000000000000e+03
5.505596953002084959e+00 3.023000000000000000e+03
5.518364644466100088e+00 2.964000000000000000e+03
5.531132335930115218e+00 3.026000000000000000e+03
5.543900027394132124e+00 3.006000000000000000e+03
5.556667718858147254e+00 3.025000000000000000e+03
5.569435410322162383e+00 2.995000000000000000e+03
5.582203101786179289e+00 3.156000000000000000e+03
5.594970793250194419e+00 2.984000000000000000e+03
5.607738484714209548e+00 3.169000000000000000e+03
5.620506176178224678e+00 3.201000000000000000e+03
5.633273867642241584e+00 3.336000000000000000e+03
5.646041559106256713e+00 3.475000000000000000e+03
5.658809250570271843e+00 3.550000000000000000e+03
5.671576942034286972e+00 3.830000000000000000e+03
5.684344633498303878e+00 3.964000000000000000e+03
5.697112324962319008e+00 3.648000000000000000e+03
5.709880016426334137e+00 3.479000000000000000e+03
5.722647707890349267e+00 3.987000000000000000e+03
5.735415399354366173e+00 5.371000000000000000e+03
5.748183090818381302e+00 9.926000000000000000e+03
5.760950782282396432e+00 1.279000000000000000e+04
5.773718473746411561e+00 1.086100000000000000e+04
5.786486165210428467e+00 5.413000000000000000e+03
5.799253856674443597e+00 4.075000000000000000e+03
5.812021548138458726e+00 5.531000000000000000e+03
5.824789239602475632e+00 6.544000000000000000e+03
5.837556931066490762e+00 6.474000000000000000e+03
5.850324622530505891e+00 4.303000000000000000e+03
5.863092313994521021e+00 3.370000000000000000e+03
5.875860005458537927e+00 3.173000000000000000e+03
5.888627696922553056e+00 3.018000000000000000e+03
5.901395388386568186e+00 3.041000000000000000e+03
5.914163079850583316e+00 2.978000000000000000e+03
5.926930771314600221e+00 3.041000000000000000e+03
5.939698462778615351e+00 2.985000000000000000e+03
5.952466154242630481e+00 3.072000000000000000e+03
5.965233845706645610e+00 2.989000000000000000e+03
5.978001537170662516e+00 3.077000000000000000e+03
5.990769228634677646e+00 2.917000000000000000e+03
6.003536920098692775e+00 2.931000000000000000e+03
6.016304611562707905e+00 3.117000000000000000e+03
6.029072303026724811e+00 3.006000000000000000e+03
6.041839994490739940e+00 3.012000000000000000e+03
6.054607685954755070e+00 3.010000000000000000e+03
6.067375377418771976e+00 3.032000000000000000e+03
6.080143068882787105e+00 3.098000000000000000e+03
6.092910760346802235e+00 2.903000000000000000e+03
6.105678451810817364e+00 2.947000000000000000e+03
6.118446143274834270e+00 3.019000000000000000e+03
6.131213834738849400e+00 2.943000000000000000e+03
6.143981526202864529e+00 3.049000000000000000e+03
6.156749217666879659e+00 2.986000000000000000e+03
6.169516909130896565e+00 3.115000000000000000e+03
6.182284600594911694e+00 3.196000000000000000e+03
6.195052292058926824e+00 3.367000000000000000e+03
6.207819983522941953e+00 3.287000000000000000e+03
6.220587674986958859e+00 3.212000000000000000e+03
6.233355366450973989e+00 3.013000000000000000e+03
6.246123057914989118e+00 3.067000000000000000e+03
6.258890749379004248e+00 2.930000000000000000e+03
6.271658440843021154e+00 3.014000000000000000e+03
6.284426132307036283e+00 3.093000000000000000e+03
6.297193823771051413e+00 3.063000000000000000e+03
6.309961515235068319e+00 3.113000000000000000e+03
6.322729206699083448e+00 3.158000000000000000e+03
6.335496898163098578e+00 3.025000000000000000e+03
6.348264589627113708e+00 3.003000000000000000e+03
6.361032281091130614e+00 2.917000000000000000e+03
6.373799972555145743e+00 2.898000000000000000e+03
6.386567664019160873e+00 2.940000000000000000e+03
6.399335355483176002e+00 2.962000000000000000e+03
6.412103046947192908e+00 3.003000000000000000e+03
6.424870738411208038e+00 2.943000000000000000e+03
6.437638429875223167e+00 2.866000000000000000e+03
6.450406121339238297e+00 2.984000000000000000e+03
6.463173812803255203e+00 3.068000000000000000e+03
6.475941504267270332e+00 3.042000000000000000e+03
6.488709195731285462e+00 2.999000000000000000e+03
6.501476887195300591e+00 2.927000000000000000e+03
6.514244578659317497e+00 2.909000000000000000e+03
6.527012270123332627e+00 2.995000000000000000e+03
6.539779961587347756e+00 3.261000000000000000e+03
6.552547653051362886e+00 3.274000000000000000e+03
6.565315344515379792e+00 3.198000000000000000e+03
6.578083035979394921e+00 3.440000000000000000e+03
6.590850727443410051e+00 5.398000000000000000e+03
6.603618418907426957e+00 6.973000000000000000e+03
6.616386110371442086e+00 6.401000000000000000e+03
6.629153801835457216e+00 3.821000000000000000e+03
6.641921493299472345e+00 2.822000000000000000e+03
6.654689184763489251e+00 2.793000000000000000e+03
6.667456876227504381e+00 2.805000000000000000e+03
6.680224567691519511e+00 2.689000000000000000e+03
6.692992259155534640e+00 2.748000000000000000e+03
6.705759950619551546e+00 2.709000000000000000e+03
6.718527642083566676e+00 2.779000000000000000e+03
6.731295333547581805e+00 2.698000000000000000e+03
6.744063025011596935e+00 2.707000000000000000e+03
6.756830716475613841e+00 2.772000000000000000e+03
6.769598407939628970e+00 2.930000000000000000e+03
6.782366099403644100e+00 2.940000000000000000e+03
6.795133790867659229e+00 3.227000000000000000e+03
6.807901482331676135e+00 3.440000000000000000e+03
6.820669173795691265e+00 3.487000000000000000e+03
6.833436865259706394e+00 3.304000000000000000e+03
6.846204556723723300e+00 3.033000000000000000e+03
6.858972248187738430e+00 2.893000000000000000e+03
6.871739939651753559e+00 2.914000000000000000e+03
6.884507631115768689e+00 2.784000000000000000e+03
6.897275322579785595e+00 2.930000000000000000e+03
6.910043014043800724e+00 3.629000000000000000e+03
6.922810705507815854e+00 4.859000000000000000e+03
6.935578396971830983e+00 5.457000000000000000e+03
6.948346088435847889e+00 4.661000000000000000e+03
6.961113779899863019e+00 3.237000000000000000e+03
6.973881471363878148e+00 2.683000000000000000e+03
6.986649162827893278e+00 2.612000000000000000e+03
6.999416854291910184e+00 2.546000000000000000e+03
7.012184545755925313e+00 2.625000000000000000e+03
7.024952237219940443e+00 2.675000000000000000e+03
7.037719928683955573e+00 2.522000000000000000e+03
7.050487620147972478e+00 2.607000000000000000e+03
7.063255311611987608e+00 2.514000000000000000e+03
7.076023003076002738e+00 2.528000000000000000e+03
7.088790694540019643e+00 2.456000000000000000e+03
7.101558386004034773e+00 2.547000000000000000e+03
7.114326077468049903e+00 2.531000000000000000e+03
7.127093768932065032e+00 2.512000000000000000e+03
7.139861460396081938e+00 2.462000000000000000e+03
7.152629151860097068e+00 2.522000000000000000e+03
7.165396843324112197e+00 2.415000000000000000e+03
7.178164534788127327e+00 2.579000000000000000e+03
7.190932226252144233e+00 2.459000000000000000e+03
7.203699917716159362e+00 2.507000000000000000e+03
7.216467609180174492e+00 2.547000000000000000e+03
7.229235300644189621e+00 2.469000000000000000e+03
7.242002992108206527e+00 2.452000000000000000e+03
7.254770683572221657e+00 2.514000000000000000e+03
7.267538375036236786e+00 2.706000000000000000e+03
7.280306066500251916e+00 3.052000000000000000e+03
7.293073757964268822e+00 4.512000000000000000e+03
7.305841449428283951e+00 5.421000000000000000e+03
7.318609140892299081e+00 4.627000000000000000e+03
7.331376832356315987e+00 3.023000000000000000e+03
7.344144523820331116e+00 2.455000000000000000e+03
7.356912215284346246e+00 2.445000000000000000e+03
7.369679906748361375e+00 2.394000000000000000e+03
7.382447598212378281e+00 2.347000000000000000e+03
7.395215289676393411e+00 2.317000000000000000e+03
7.407982981140408540e+00 2.308000000000000000e+03
7.420750672604423670e+00 2.285000000000000000e+03
7.433518364068440576e+00 2.353000000000000000e+03
7.446286055532455705e+00 2.320000000000000000e+03
7.459053746996470835e+00 2.304000000000000000e+03
7.471821438460485965e+00 2.371000000000000000e+03
7.484589129924502870e+00 2.295000000000000000e+03
7.497356821388518000e+00 2.422000000000000000e+03
7.510124512852533130e+00 2.507000000000000000e+03
7.522892204316550036e+00 2.455000000000000000e+03
7.535659895780565165e+00 2.396000000000000000e+03
7.548427587244580295e+00 2.310000000000000000e+03
7.561195278708595424e+00 2.444000000000000000e+03
7.573962970172612330e+00 2.599000000000000000e+03
7.586730661636627460e+00 2.973000000000000000e+03
7.599498353100642589e+00 3.289000000000000000e+03
7.612266044564659495e+00 3.297000000000000000e+03
7.625033736028674625e+00 3.164000000000000000e+03
7.637801427492689754e+00 3.902000000000000000e+03
7.650569118956704884e+00 4.573000000000000000e+03
7.663336810420721790e+00 4.178000000000000000e+03
7.676104501884736919e+00 3.243000000000000000e+03
7.688872193348752049e+00 3.207000000000000000e+03
7.701639884812767178e+00 4.884000000000000000e+03
7.714407576276784084e+00 1.296200000000000000e+04
7.727175267740799214e+00 2.149700000000000000e+04
7.739942959204814343e+00 1.964900000000000000e+04
7.752710650668829473e+00 8.399000000000000000e+03
7.765478342132846379e+00 3.155000000000000000e+03
7.778246033596861508e+00 2.655000000000000000e+03
7.791013725060876638e+00 2.364000000000000000e+03
7.803781416524891767e+00 2.299000000000000000e+03
7.816549107988908673e+00 2.267000000000000000e+03
7.829316799452923803e+00 2.355000000000000000e+03
7.842084490916938933e+00 2.739000000000000000e+03
7.854852182380955838e+00 5.178000000000000000e+03
7.867619873844970968e+00 8.815000000000000000e+03
7.880387565308986098e+00 8.782000000000000000e+03
7.893155256773001227e+00 5.262000000000000000e+03
7.905922948237018133e+00 2.907000000000000000e+03
7.918690639701033263e+00 2.307000000000000000e+03
7.931458331165048392e+00 2.206000000000000000e+03
7.944226022629063522e+00 2.291000000000000000e+03
7.956993714093080428e+00 2.136000000000000000e+03
7.969761405557095557e+00 2.201000000000000000e+03
7.982529097021110687e+00 2.164000000000000000e+03
7.995296788485125816e+00 2.141000000000000000e+03
8.008064479949142722e+00 2.114000000000000000e+03
8.020832171413157852e+00 2.177000000000000000e+03
8.033599862877172981e+00 2.180000000000000000e+03
8.046367554341188111e+00 2.286000000000000000e+03
8.059135245805205017e+00 2.375000000000000000e+03
8.071902937269220146e+00 2.206000000000000000e+03
8.084670628733235276e+00 2.174000000000000000e+03
8.097438320197252182e+00 2.104000000000000000e+03
8.110206011661267311e+00 2.094000000000000000e+03
8.122973703125282441e+00 2.188000000000000000e+03
8.135741394589297570e+00 2.114000000000000000e+03
8.148509086053314476e+00 2.152000000000000000e+03
8.161276777517329606e+00 2.126000000000000000e+03
8.174044468981344735e+00 2.190000000000000000e+03
8.186812160445359865e+00 2.429000000000000000e+03
8.199579851909376771e+00 2.547000000000000000e+03
8.212347543373391900e+00 2.475000000000000000e+03
8.225115234837407030e+00 2.250000000000000000e+03
8.237882926301422160e+00 2.128000000000000000e+03
8.250650617765439065e+00 2.066000000000000000e+03
8.263418309229454195e+00 2.149000000000000000e+03
8.276186000693469325e+00 2.149000000000000000e+03
8.288953692157484454e+00 2.083000000000000000e+03
8.301721383621501360e+00 2.082000000000000000e+03
8.314489075085516490e+00 2.085000000000000000e+03
8.327256766549531619e+00 2.213000000000000000e+03
8.340024458013548525e+00 2.282000000000000000e+03
8.352792149477563655e+00 2.315000000000000000e+03
8.365559840941578784e+00 2.806000000000000000e+03
8.378327532405593914e+00 3.933000000000000000e+03
8.391095223869610820e+00 4.647000000000000000e+03
8.403862915333625949e+00 3.986000000000000000e+03
8.416630606797641079e+00 2.752000000000000000e+03
8.429398298261656208e+00 2.253000000000000000e+03
8.442165989725673114e+00 2.221000000000000000e+03
8.454933681189688244e+00 2.073000000000000000e+03
8.467701372653703373e+00 2.115000000000000000e+03
8.480469064117718503e+00 2.159000000000000000e+03
8.493236755581735409e+00 2.115000000000000000e+03
8.506004447045750538e+00 2.340000000000000000e+03
8.518772138509765668e+00 2.501000000000000000e+03
8.531539829973780797e+00 2.492000000000000000e+03
8.544307521437797703e+00 2.251000000000000000e+03
8.557075212901812833e+00 2.143000000000000000e+03
8.569842904365827962e+00 2.151000000000000000e+03
8.582610595829844868e+00 2.213000000000000000e+03
8.595378287293859998e+00 2.138000000000000000e+03
8.608145978757875127e+00 2.282000000000000000e+03
8.620913670221890257e+00 2.308000000000000000e+03
8.633681361685907163e+00 2.347000000000000000e+03
8.646449053149922293e+00 2.435000000000000000e+03
8.659216744613937422e+00 3.255000000000000000e+03
8.671984436077952552e+00 1.152800000000000000e+04
8.684752127541969458e+00 2.889000000000000000e+04
8.697519819005984587e+00 3.389800000000000000e+04
8.710287510469999717e+00 1.990500000000000000e+04
8.723055201934014846e+00 7.193000000000000000e+03
8.735822893398031752e+00 8.056000000000000000e+03
8.748590584862046882e+00 9.171000000000000000e+03
8.761358276326062011e+00 7.885000000000000000e+03
8.774125967790077141e+00 4.671000000000000000e+03
8.786893659254094047e+00 3.753000000000000000e+03
8.799661350718109176e+00 4.931000000000000000e+03
8.812429042182124306e+00 5.820000000000000000e+03
8.825196733646141212e+00 5.328000000000000000e+03
8.837964425110156341e+00 2.964000000000000000e+03
8.850732116574171471e+00 2.328000000000000000e+03
8.863499808038186600e+00 2.089000000000000000e+03
8.876267499502203506e+00 2.240000000000000000e+03
8.889035190966218636e+00 2.091000000000000000e+03
8.901802882430233765e+00 2.050000000000000000e+03
8.914570573894248895e+00 2.115000000000000000e+03
8.927338265358265801e+00 2.109000000000000000e+03
8.940105956822280930e+00 2.087000000000000000e+03
8.952873648286296060e+00 2.065000000000000000e+03
8.965641339750311190e+00 2.105000000000000000e+03
8.978409031214328095e+00 2.118000000000000000e+03
8.991176722678343225e+00 2.234000000000000000e+03
9.003944414142358355e+00 2.092000000000000000e+03
9.016712105606373484e+00 2.106000000000000000e+03
9.029479797070390390e+00 2.107000000000000000e+03
9.042247488534405520e+00 2.164000000000000000e+03
9.055015179998420649e+00 2.132000000000000000e+03
9.067782871462435779e+00 2.030000000000000000e+03
9.080550562926452685e+00 2.156000000000000000e+03
9.093318254390467814e+00 2.155000000000000000e+03
9.106085945854482944e+00 2.238000000000000000e+03
9.118853637318499850e+00 2.208000000000000000e+03
9.131621328782514979e+00 2.262000000000000000e+03
9.144389020246530109e+00 2.210000000000000000e+03
9.157156711710545238e+00 2.253000000000000000e+03
9.169924403174562144e+00 2.311000000000000000e+03
9.182692094638577274e+00 2.337000000000000000e+03
9.195459786102592403e+00 2.463000000000000000e+03
9.208227477566607533e+00 2.885000000000000000e+03
9.220995169030624439e+00 3.993000000000000000e+03
9.233762860494639568e+00 4.947000000000000000e+03
9.246530551958654698e+00 4.628000000000000000e+03
9.259298243422669827e+00 3.251000000000000000e+03
9.272065934886686733e+00 2.502000000000000000e+03
9.284833626350701863e+00 2.448000000000000000e+03
9.297601317814716992e+00 2.496000000000000000e+03
9.310369009278732122e+00 2.440000000000000000e+03
9.323136700742749028e+00 2.490000000000000000e+03
9.335904392206764157e+00 2.370000000000000000e+03
9.348672083670779287e+00 2.597000000000000000e+03
9.361439775134796193e+00 2.668000000000000000e+03
9.374207466598811322e+00 2.313000000000000000e+03
9.386975158062826452e+00 2.148000000000000000e+03
9.399742849526841582e+00 2.146000000000000000e+03
9.412510540990858487e+00 2.112000000000000000e+03
9.425278232454873617e+00 2.084000000000000000e+03
9.438045923918888747e+00 2.152000000000000000e+03
9.450813615382903876e+00 2.195000000000000000e+03
9.463581306846920782e+00 2.282000000000000000e+03
9.476348998310935912e+00 2.574000000000000000e+03
9.489116689774951041e+00 3.365000000000000000e+03
9.501884381238966171e+00 6.064000000000000000e+03
9.514652072702983077e+00 9.736000000000000000e+03
9.527419764166998206e+00 1.297700000000000000e+04
9.540187455631013336e+00 1.321600000000000000e+04
9.552955147095028465e+00 1.004500000000000000e+04
9.565722838559045371e+00 5.188000000000000000e+03
9.578490530023060501e+00 2.676000000000000000e+03
9.591258221487075630e+00 2.290000000000000000e+03
9.604025912951092536e+00 2.233000000000000000e+03
9.616793604415107666e+00 2.375000000000000000e+03
9.629561295879122795e+00 2.314000000000000000e+03
9.642328987343137925e+00 2.341000000000000000e+03
9.655096678807154831e+00 2.327000000000000000e+03
9.667864370271169960e+00 2.253000000000000000e+03
9.680632061735185090e+00 2.331000000000000000e+03
9.693399753199200219e+00 2.250000000000000000e+03
9.706167444663217125e+00 2.227000000000000000e+03
9.718935136127232255e+00 2.500000000000000000e+03
9.731702827591247384e+00 3.434000000000000000e+03
9.744470519055262514e+00 7.517000000000000000e+03
9.757238210519279420e+00 1.142900000000000000e+04
9.770005901983294549e+00 9.998000000000000000e+03
9.782773593447309679e+00 4.926000000000000000e+03
9.795541284911324809e+00 2.462000000000000000e+03
9.808308976375341715e+00 2.221000000000000000e+03
9.821076667839356844e+00 2.254000000000000000e+03
9.833844359303371974e+00 2.506000000000000000e+03
9.846612050767388880e+00 3.411000000000000000e+03
9.859379742231404009e+00 5.579000000000000000e+03
9.872147433695419139e+00 6.416000000000000000e+03
9.884915125159434268e+00 4.853000000000000000e+03
9.897682816623451174e+00 3.561000000000000000e+03
9.910450508087466304e+00 3.353000000000000000e+03
9.923218199551481433e+00 2.935000000000000000e+03
9.935985891015496563e+00 2.424000000000000000e+03
9.948753582479513469e+00 2.145000000000000000e+03
9.961521273943528598e+00 2.094000000000000000e+03
9.974288965407543728e+00 2.166000000000000000e+03
9.987056656871558857e+00 2.673000000000000000e+03
9.999824348335575763e+00 5.522000000000000000e+03
1.001259203979959089e+01 9.556000000000000000e+03
1.002535973126360602e+01 9.467000000000000000e+03
1.003812742272762115e+01 5.801000000000000000e+03
1.005089511419163806e+01 3.324000000000000000e+03
1.006366280565565319e+01 2.816000000000000000e+03
1.007643049711966832e+01 2.605000000000000000e+03
1.008919818858368522e+01 2.297000000000000000e+03
1.010196588004770035e+01 2.253000000000000000e+03
1.011473357151171548e+01 2.302000000000000000e+03
1.012750126297573061e+01 2.457000000000000000e+03
1.014026895443974752e+01 2.427000000000000000e+03
1.015303664590376265e+01 2.661000000000000000e+03
1.016580433736777778e+01 3.635000000000000000e+03
1.017857202883179291e+01 5.545000000000000000e+03
1.019133972029580981e+01 6.010000000000000000e+03
1.020410741175982494e+01 4.501000000000000000e+03
1.021687510322384007e+01 2.772000000000000000e+03
1.022964279468785520e+01 2.376000000000000000e+03
1.024241048615187211e+01 2.310000000000000000e+03
1.025517817761588724e+01 2.206000000000000000e+03
1.026794586907990237e+01 2.256000000000000000e+03
1.028071356054391750e+01 2.313000000000000000e+03
1.029348125200793440e+01 2.556000000000000000e+03
1.030624894347194953e+01 4.187000000000000000e+03
1.031901663493596466e+01 9.087000000000000000e+03
1.033178432639998157e+01 1.293000000000000000e+04
1.034455201786399670e+01 1.057000000000000000e+04
1.035731970932801183e+01 5.266000000000000000e+03
1.037008740079202695e+01 2.813000000000000000e+03
1.038285509225604386e+01 2.432000000000000000e+03
1.039562278372005899e+01 2.226000000000000000e+03
1.040839047518407412e+01 2.398000000000000000e+03
1.042115816664808925e+01 2.446000000000000000e+03
1.043392585811210616e+01 3.097000000000000000e+03
1.044669354957612128e+01 7.079000000000000000e+03
1.045946124104013641e+01 1.914400000000000000e+04
1.047222893250415154e+01 2.581000000000000000e+04
1.048499662396816845e+01 1.959100000000000000e+04
1.049776431543218358e+01 6.427000000000000000e+03
1.051053200689619871e+01 2.753000000000000000e+03
1.052329969836021384e+01 2.405000000000000000e+03
1.053606738982423074e+01 2.356000000000000000e+03
1.054883508128824587e+01 2.248000000000000000e+03
1.056160277275226100e+01 2.189000000000000000e+03
1.057437046421627613e+01 2.291000000000000000e+03
1.058713815568029304e+01 2.198000000000000000e+03
1.059990584714430817e+01 2.258000000000000000e+03
1.061267353860832330e+01 2.338000000000000000e+03
1.062544123007234020e+01 2.381000000000000000e+03
1.063820892153635533e+01 2.271000000000000000e+03
1.065097661300037046e+01 2.215000000000000000e+03
1.066374430446438559e+01 2.117000000000000000e+03
1.067651199592840250e+01 2.093000000000000000e+03
1.068927968739241763e+01 2.164000000000000000e+03
1.070204737885643276e+01 2.162000000000000000e+03
1.071481507032044789e+01 2.290000000000000000e+03
1.072758276178446479e+01 2.622000000000000000e+03
1.074035045324847992e+01 3.320000000000000000e+03
1.075311814471249505e+01 4.065000000000000000e+03
1.076588583617651018e+01 3.750000000000000000e+03
1.077865352764052709e+01 4.066000000000000000e+03
1.079142121910454222e+01 6.558000000000000000e+03
1.080418891056855735e+01 8.495000000000000000e+03
1.081695660203257248e+01 9.887000000000000000e+03
1.082972429349658938e+01 1.177200000000000000e+04
1.084249198496060451e+01 1.155000000000000000e+04
1.085525967642461964e+01 7.392000000000000000e+03
1.086802736788863655e+01 4.587000000000000000e+03
1.088079505935265168e+01 4.287000000000000000e+03
1.089356275081666681e+01 3.808000000000000000e+03
1.090633044228068194e+01 3.291000000000000000e+03
1.091909813374469884e+01 3.268000000000000000e+03
1.093186582520871397e+01 3.027000000000000000e+03
1.094463351667272910e+01 2.554000000000000000e+03
1.095740120813674423e+01 2.223000000000000000e+03
1.097016889960076114e+01 2.240000000000000000e+03
1.098293659106477627e+01 2.184000000000000000e+03
1.099570428252879140e+01 2.155000000000000000e+03
1.100847197399280653e+01 2.269000000000000000e+03
1.102123966545682343e+01 2.192000000000000000e+03
1.103400735692083856e+01 2.073000000000000000e+03
1.104677504838485369e+01 2.226000000000000000e+03
1.105954273984886882e+01 2.248000000000000000e+03
1.107231043131288573e+01 2.239000000000000000e+03
1.108507812277690086e+01 2.246000000000000000e+03
1.109784581424091598e+01 2.271000000000000000e+03
1.111061350570493289e+01 2.231000000000000000e+03
1.112338119716894802e+01 2.237000000000000000e+03
1.113614888863296315e+01 2.260000000000000000e+03
1.114891658009697828e+01 2.174000000000000000e+03
1.116168427156099519e+01 2.153000000000000000e+03
1.117445196302501031e+01 2.103000000000000000e+03
1.118721965448902544e+01 2.095000000000000000e+03
1.119998734595304057e+01 2.139000000000000000e+03
1.121275503741705748e+01 2.218000000000000000e+03
1.122552272888107261e+01 2.499000000000000000e+03
1.123829042034508774e+01 2.420000000000000000e+03
1.125105811180910287e+01 2.430000000000000000e+03
1.126382580327311977e+01 2.488000000000000000e+03
1.127659349473713490e+01 3.009000000000000000e+03
1.128936118620115003e+01 5.026000000000000000e+03
1.130212887766516516e+01 8.507000000000000000e+03
1.131489656912918207e+01 1.016400000000000000e+04
1.132766426059319720e+01 8.263000000000000000e+03
1.134043195205721233e+01 4.805000000000000000e+03
1.135319964352122923e+01 3.556000000000000000e+03
1.136596733498524436e+01 3.240000000000000000e+03
1.137873502644925949e+01 3.349000000000000000e+03
1.139150271791327462e+01 4.704000000000000000e+03
1.140427040937729153e+01 7.190000000000000000e+03
1.141703810084130666e+01 7.288000000000000000e+03
1.142980579230532179e+01 4.613000000000000000e+03
1.144257348376933692e+01 2.688000000000000000e+03
1.145534117523335382e+01 2.361000000000000000e+03
1.146810886669736895e+01 2.281000000000000000e+03
1.148087655816138408e+01 2.418000000000000000e+03
1.149364424962539921e+01 2.818000000000000000e+03
1.150641194108941612e+01 3.023000000000000000e+03
1.151917963255343125e+01 2.828000000000000000e+03
1.153194732401744638e+01 2.525000000000000000e+03
1.154471501548146151e+01 2.521000000000000000e+03
1.155748270694547841e+01 2.334000000000000000e+03
1.157025039840949354e+01 2.221000000000000000e+03
1.158301808987350867e+01 2.161000000000000000e+03
1.159578578133752558e+01 2.036000000000000000e+03
1.160855347280154071e+01 2.077000000000000000e+03
1.162132116426555584e+01 2.182000000000000000e+03
1.163408885572957097e+01 2.291000000000000000e+03
1.164685654719358787e+01 2.347000000000000000e+03
1.165962423865760300e+01 2.288000000000000000e+03
1.167239193012161813e+01 2.205000000000000000e+03
1.168515962158563326e+01 2.073000000000000000e+03
1.169792731304965017e+01 2.157000000000000000e+03
1.171069500451366530e+01 2.035000000000000000e+03
1.172346269597768043e+01 2.124000000000000000e+03
1.173623038744169556e+01 2.396000000000000000e+03
1.174899807890571246e+01 3.016000000000000000e+03
1.176176577036972759e+01 3.665000000000000000e+03
1.177453346183374272e+01 3.592000000000000000e+03
1.178730115329775785e+01 2.710000000000000000e+03
1.180006884476177476e+01 2.257000000000000000e+03
1.181283653622578989e+01 2.207000000000000000e+03
1.182560422768980501e+01 2.205000000000000000e+03
1.183837191915382192e+01 2.474000000000000000e+03
1.185113961061783705e+01 3.313000000000000000e+03
1.186390730208185218e+01 7.594000000000000000e+03
1.187667499354586731e+01 1.394800000000000000e+04
1.188944268500988422e+01 1.559600000000000000e+04
1.190221037647389934e+01 9.458000000000000000e+03
1.191497806793791447e+01 3.593000000000000000e+03
1.192774575940192960e+01 2.396000000000000000e+03
1.194051345086594651e+01 2.083000000000000000e+03
1.195328114232996164e+01 2.067000000000000000e+03
1.196604883379397677e+01 2.046000000000000000e+03
1.197881652525799190e+01 2.098000000000000000e+03
1.199158421672200880e+01 2.217000000000000000e+03
1.200435190818602393e+01 2.697000000000000000e+03
1.201711959965003906e+01 2.824000000000000000e+03
1.202988729111405419e+01 2.660000000000000000e+03
1.204265498257807110e+01 2.246000000000000000e+03
1.205542267404208623e+01 2.084000000000000000e+03
1.206819036550610136e+01 1.982000000000000000e+03
1.208095805697011649e+01 1.990000000000000000e+03
1.209372574843413339e+01 1.997000000000000000e+03
1.210649343989814852e+01 1.951000000000000000e+03
1.211926113136216365e+01 1.935000000000000000e+03
1.213202882282618056e+01 1.945000000000000000e+03
1.214479651429019569e+01 1.918000000000000000e+03
1.215756420575421082e+01 1.963000000000000000e+03
1.217033189721822595e+01 2.047000000000000000e+03
1.218309958868224285e+01 2.076000000000000000e+03
1.219586728014625798e+01 2.079000000000000000e+03
1.220863497161027311e+01 1.965000000000000000e+03
1.222140266307428824e+01 2.018000000000000000e+03
1.223417035453830515e+01 2.063000000000000000e+03
1.224693804600232028e+01 2.253000000000000000e+03
1.225970573746633541e+01 2.406000000000000000e+03
1.227247342893035054e+01 2.518000000000000000e+03
1.228524112039436744e+01 2.310000000000000000e+03
1.229800881185838257e+01 2.095000000000000000e+03
1.231077650332239770e+01 1.996000000000000000e+03
1.232354419478641283e+01 2.050000000000000000e+03
1.233631188625042974e+01 1.736000000000000000e+03
1.234907957771444487e+01 1.901000000000000000e+03
1.236184726917846000e+01 1.911000000000000000e+03
1.237461496064247690e+01 1.838000000000000000e+03
1.238738265210649203e+01 1.860000000000000000e+03
1.240015034357050716e+01 1.903000000000000000e+03
1.241291803503452229e+01 1.842000000000000000e+03
1.242568572649853920e+01 2.022000000000000000e+03
1.243845341796255433e+01 2.117000000000000000e+03
1.245122110942656946e+01 2.597000000000000000e+03
1.246398880089058459e+01 3.371000000000000000e+03
1.247675649235460149e+01 3.520000000000000000e+03
1.248952418381861662e+01 2.664000000000000000e+03
1.250229187528263175e+01 2.047000000000000000e+03
1.251505956674664688e+01 1.888000000000000000e+03
1.252782725821066379e+01 1.900000000000000000e+03
1.254059494967467892e+01 1.894000000000000000e+03
1.255336264113869404e+01 2.059000000000000000e+03
1.256613033260270917e+01 2.246000000000000000e+03
1.257889802406672608e+01 2.216000000000000000e+03
1.259166571553074121e+01 1.948000000000000000e+03
1.260443340699475634e+01 2.069000000000000000e+03
1.261720109845877325e+01 2.032000000000000000e+03
1.262996878992278837e+01 2.053000000000000000e+03
1.264273648138680350e+01 2.270000000000000000e+03
1.265550417285081863e+01 2.940000000000000000e+03
1.266827186431483554e+01 4.069000000000000000e+03
1.268103955577885067e+01 5.260000000000000000e+03
1.269380724724286580e+01 5.299000000000000000e+03
1.270657493870688093e+01 4.224000000000000000e+03
1.271934263017089783e+01 2.991000000000000000e+03
1.273211032163491296e+01 2.188000000000000000e+03
1.274487801309892809e+01 1.853000000000000000e+03
1.275764570456294322e+01 1.764000000000000000e+03
1.277041339602696013e+01 1.795000000000000000e+03
1.278318108749097526e+01 1.808000000000000000e+03
1.279594877895499039e+01 1.821000000000000000e+03
1.280871647041900552e+01 1.899000000000000000e+03
1.282148416188302242e+01 1.856000000000000000e+03
1.283425185334703755e+01 1.800000000000000000e+03
1.284701954481105268e+01 1.730000000000000000e+03
1.285978723627506959e+01 1.785000000000000000e+03
1.287255492773908472e+01 1.702000000000000000e+03
1.288532261920309985e+01 1.692000000000000000e+03
1.289809031066711498e+01 1.684000000000000000e+03
1.291085800213113188e+01 1.704000000000000000e+03
1.292362569359514701e+01 1.671000000000000000e+03
1.293639338505916214e+01 1.709000000000000000e+03
1.294916107652317727e+01 1.651000000000000000e+03
1.296192876798719418e+01 1.645000000000000000e+03
1.297469645945120931e+01 1.644000000000000000e+03
1.298746415091522444e+01 1.666000000000000000e+03
1.300023184237923957e+01 1.649000000000000000e+03
1.301299953384325647e+01 1.645000000000000000e+03
1.302576722530727160e+01 1.695000000000000000e+03
1.303853491677128673e+01 1.873000000000000000e+03
1.305130260823530186e+01 1.876000000000000000e+03
1.306407029969931877e+01 2.014000000000000000e+03
1.307683799116333390e+01 1.847000000000000000e+03
1.308960568262734903e+01 1.662000000000000000e+03
1.310237337409136593e+01 1.811000000000000000e+03
1.311514106555538106e+01 1.903000000000000000e+03
1.312790875701939619e+01 1.907000000000000000e+03
1.314067644848341132e+01 1.716000000000000000e+03
1.315344413994742823e+01 1.714000000000000000e+03
1.316621183141144336e+01 1.656000000000000000e+03
1.317897952287545849e+01 1.648000000000000000e+03
1.319174721433947362e+01 1.696000000000000000e+03
1.320451490580349052e+01 1.674000000000000000e+03
1.321728259726750565e+01 1.719000000000000000e+03
1.323005028873152078e+01 1.828000000000000000e+03
1.324281798019553591e+01 1.784000000000000000e+03
1.325558567165955282e+01 1.689000000000000000e+03
1.326835336312356795e+01 1.633000000000000000e+03
1.328112105458758307e+01 1.643000000000000000e+03
1.329388874605159820e+01 1.704000000000000000e+03
1.330665643751561511e+01 1.679000000000000000e+03
1.331942412897963024e+01 1.623000000000000000e+03
1.333219182044364537e+01 1.563000000000000000e+03
1.334495951190766050e+01 1.552000000000000000e+03
1.335772720337167740e+01 1.620000000000000000e+03
1.337049489483569253e+01 1.664000000000000000e+03
1.338326258629970766e+01 1.504000000000000000e+03
1.339603027776372457e+01 1.549000000000000000e+03
1.340879796922773970e+01 1.612000000000000000e+03
1.342156566069175483e+01 1.773000000000000000e+03
1.343433335215576996e+01 2.001000000000000000e+03
1.344710104361978686e+01 2.022000000000000000e+03
1.345986873508380199e+01 1.843000000000000000e+03
1.347263642654781712e+01 1.672000000000000000e+03
1.348540411801183225e+01 1.564000000000000000e+03
1.349817180947584916e+01 1.675000000000000000e+03
1.351093950093986429e+01 1.605000000000000000e+03
1.352370719240387942e+01 1.785000000000000000e+03
1.353647488386789455e+01 2.223000000000000000e+03
1.354924257533191145e+01 3.522000000000000000e+03
1.356201026679592658e+01 4.712000000000000000e+03
1.357477795825994171e+01 4.475000000000000000e+03
1.358754564972395684e+01 2.829000000000000000e+03
1.360031334118797375e+01 1.753000000000000000e+03
1.361308103265198888e+01 1.740000000000000000e+03
1.362584872411600401e+01 1.719000000000000000e+03
1.363861641558002091e+01 1.581000000000000000e+03
1.365138410704403604e+01 1.684000000000000000e+03
1.366415179850805117e+01 1.719000000000000000e+03
1.367691948997206630e+01 1.872000000000000000e+03
1.368968718143608321e+01 2.285000000000000000e+03
1.370245487290009834e+01 2.447000000000000000e+03
1.371522256436411347e+01 2.253000000000000000e+03
1.372799025582812860e+01 1.774000000000000000e+03
1.374075794729214550e+01 1.620000000000000000e+03
1.375352563875616063e+01 1.692000000000000000e+03
1.376629333022017576e+01 1.936000000000000000e+03
1.377906102168419089e+01 2.108000000000000000e+03
1.379182871314820780e+01 2.600000000000000000e+03
1.380459640461222293e+01 4.324000000000000000e+03
1.381736409607623806e+01 6.221000000000000000e+03
1.383013178754025319e+01 5.623000000000000000e+03
1.384289947900427009e+01 3.106000000000000000e+03
1.385566717046828522e+01 2.096000000000000000e+03
1.386843486193230035e+01 3.464000000000000000e+03
1.388120255339631726e+01 8.839000000000000000e+03
1.389397024486033239e+01 1.410600000000000000e+04
1.390673793632434752e+01 1.306600000000000000e+04
1.391950562778836264e+01 6.615000000000000000e+03
1.393227331925237955e+01 2.525000000000000000e+03
1.394504101071639468e+01 1.762000000000000000e+03
1.395780870218040981e+01 1.613000000000000000e+03
1.397057639364442494e+01 1.714000000000000000e+03
1.398334408510844185e+01 1.895000000000000000e+03
1.399611177657245698e+01 1.923000000000000000e+03
1.400887946803647210e+01 1.878000000000000000e+03
1.402164715950048723e+01 1.832000000000000000e+03
1.403441485096450414e+01 1.846000000000000000e+03
1.404718254242851927e+01 1.848000000000000000e+03
1.405995023389253440e+01 1.759000000000000000e+03
1.407271792535654953e+01 1.781000000000000000e+03
1.408548561682056643e+01 1.901000000000000000e+03
1.409825330828458156e+01 2.521000000000000000e+03
1.411102099974859669e+01 4.003000000000000000e+03
1.412378869121261360e+01 5.627000000000000000e+03
1.413655638267662873e+01 5.361000000000000000e+03
1.414932407414064386e+01 3.635000000000000000e+03
1.416209176560465899e+01 2.419000000000000000e+03
1.417485945706867589e+01 1.747000000000000000e+03
1.418762714853269102e+01 1.547000000000000000e+03
1.420039483999670615e+01 1.524000000000000000e+03
1.421316253146072128e+01 1.528000000000000000e+03
1.422593022292473819e+01 1.646000000000000000e+03
1.423869791438875332e+01 1.685000000000000000e+03
1.425146560585276845e+01 1.770000000000000000e+03
1.426423329731678358e+01 1.647000000000000000e+03
1.427700098878080048e+01 1.611000000000000000e+03
1.428976868024481561e+01 1.545000000000000000e+03
1.430253637170883074e+01 1.507000000000000000e+03
1.431530406317284587e+01 1.542000000000000000e+03
1.432807175463686278e+01 1.604000000000000000e+03
1.434083944610087791e+01 1.797000000000000000e+03
1.435360713756489304e+01 1.704000000000000000e+03
1.436637482902890994e+01 1.683000000000000000e+03
1.437914252049292507e+01 1.574000000000000000e+03
1.439191021195694020e+01 1.750000000000000000e+03
1.440467790342095533e+01 2.500000000000000000e+03
1.441744559488497224e+01 3.460000000000000000e+03
1.443021328634898737e+01 3.390000000000000000e+03
1.444298097781300250e+01 2.297000000000000000e+03
1.445574866927701763e+01 1.619000000000000000e+03
1.446851636074103453e+01 1.453000000000000000e+03
1.448128405220504966e+01 1.790000000000000000e+03
1.449405174366906479e+01 2.162000000000000000e+03
1.450681943513307992e+01 2.470000000000000000e+03
1.451958712659709683e+01 2.498000000000000000e+03
1.453235481806111196e+01 2.074000000000000000e+03
1.454512250952512709e+01 1.812000000000000000e+03
1.455789020098914222e+01 1.692000000000000000e+03
1.457065789245315912e+01 1.627000000000000000e+03
1.458342558391717425e+01 1.431000000000000000e+03
1.459619327538118938e+01 1.387000000000000000e+03
1.460896096684520629e+01 1.466000000000000000e+03
1.462172865830922142e+01 1.470000000000000000e+03
1.463449634977323655e+01 1.581000000000000000e+03
1.464726404123725167e+01 1.718000000000000000e+03
1.466003173270126858e+01 1.660000000000000000e+03
1.467279942416528371e+01 1.571000000000000000e+03
1.468556711562929884e+01 1.445000000000000000e+03
1.469833480709331397e+01 1.356000000000000000e+03
1.471110249855733088e+01 1.423000000000000000e+03
1.472387019002134600e+01 1.450000000000000000e+03
1.473663788148536113e+01 1.430000000000000000e+03
1.474940557294937626e+01 1.384000000000000000e+03
1.476217326441339317e+01 1.271000000000000000e+03
1.477494095587740830e+01 1.284000000000000000e+03
1.478770864734142343e+01 1.337000000000000000e+03
1.480047633880543856e+01 1.320000000000000000e+03
1.481324403026945546e+01 1.294000000000000000e+03
1.482601172173347059e+01 1.293000000000000000e+03
1.483877941319748572e+01 1.293000000000000000e+03
1.485154710466150085e+01 1.306000000000000000e+03
1.486431479612551776e+01 1.319000000000000000e+03
1.487708248758953289e+01 1.297000000000000000e+03
1.488985017905354802e+01 1.260000000000000000e+03
1.490261787051756492e+01 1.272000000000000000e+03
1.491538556198158005e+01 1.329000000000000000e+03
1.492815325344559518e+01 1.339000000000000000e+03
1.494092094490961031e+01 1.398000000000000000e+03
1.495368863637362722e+01 1.524000000000000000e+03
1.496645632783764235e+01 1.575000000000000000e+03
1.497922401930165748e+01 1.609000000000000000e+03
1.499199171076567261e+01 1.592000000000000000e+03
1.500475940222968951e+01 1.751000000000000000e+03
1.501752709369370464e+01 1.966000000000000000e+03
1.503029478515771977e+01 2.012000000000000000e+03
1.504306247662173490e+01 1.806000000000000000e+03
1.505583016808575181e+01 1.618000000000000000e+03
1.506859785954976694e+01 1.682000000000000000e+03
1.508136555101378207e+01 1.587000000000000000e+03
1.509413324247779720e+01 1.649000000000000000e+03
1.510690093394181410e+01 1.492000000000000000e+03
1.511966862540582923e+01 1.797000000000000000e+03
1.513243631686984436e+01 2.345000000000000000e+03
1.514520400833386127e+01 2.941000000000000000e+03
1.515797169979787640e+01 2.830000000000000000e+03
1.517073939126189153e+01 2.290000000000000000e+03
1.518350708272590666e+01 1.874000000000000000e+03
1.519627477418992356e+01 1.608000000000000000e+03
1.520904246565393869e+01 1.387000000000000000e+03
1.522181015711795382e+01 1.359000000000000000e+03
1.523457784858196895e+01 1.372000000000000000e+03
1.524734554004598586e+01 1.298000000000000000e+03
1.526011323151000099e+01 1.396000000000000000e+03
1.527288092297401612e+01 1.383000000000000000e+03
1.528564861443803125e+01 1.477000000000000000e+03
1.529841630590204815e+01 1.646000000000000000e+03
1.531118399736606328e+01 1.738000000000000000e+03
1.532395168883007841e+01 1.697000000000000000e+03
1.533671938029409354e+01 1.650000000000000000e+03
1.534948707175811045e+01 1.606000000000000000e+03
1.536225476322212558e+01 1.370000000000000000e+03
1.537502245468614070e+01 1.315000000000000000e+03
1.538779014615015761e+01 1.291000000000000000e+03
1.540055783761417274e+01 1.217000000000000000e+03
1.541332552907818787e+01 1.248000000000000000e+03
1.542609322054220300e+01 1.243000000000000000e+03
1.543886091200621991e+01 1.214000000000000000e+03
1.545162860347023503e+01 1.155000000000000000e+03
1.546439629493425016e+01 1.151000000000000000e+03
1.547716398639826529e+01 1.197000000000000000e+03
1.548993167786228220e+01 1.156000000000000000e+03
1.550269936932629733e+01 1.216000000000000000e+03
1.551546706079031246e+01 1.242000000000000000e+03
1.552823475225432936e+01 1.252000000000000000e+03
1.554100244371834272e+01 1.209000000000000000e+03
1.555377013518235962e+01 1.249000000000000000e+03
1.556653782664637653e+01 1.189000000000000000e+03
1.557930551811038988e+01 1.201000000000000000e+03
1.559207320957440679e+01 1.303000000000000000e+03
1.560484090103842014e+01 1.558000000000000000e+03
1.561760859250243705e+01 1.862000000000000000e+03
1.563037628396645395e+01 2.085000000000000000e+03
1.564314397543046731e+01 2.049000000000000000e+03
1.565591166689448421e+01 1.946000000000000000e+03
1.566867935835850112e+01 1.801000000000000000e+03
1.568144704982251447e+01 1.465000000000000000e+03
1.569421474128653138e+01 1.232000000000000000e+03
1.570698243275054828e+01 1.223000000000000000e+03
1.571975012421456164e+01 1.275000000000000000e+03
1.573251781567857854e+01 1.367000000000000000e+03
1.574528550714259190e+01 1.433000000000000000e+03
1.575805319860660880e+01 1.602000000000000000e+03
1.577082089007062571e+01 2.156000000000000000e+03
1.578358858153463906e+01 2.740000000000000000e+03
1.579635627299865597e+01 2.803000000000000000e+03
1.580912396446267287e+01 2.085000000000000000e+03
1.582189165592668623e+01 1.563000000000000000e+03
1.583465934739070313e+01 1.256000000000000000e+03
1.584742703885471649e+01 1.197000000000000000e+03
1.586019473031873339e+01 1.191000000000000000e+03
1.587296242178275030e+01 1.180000000000000000e+03
1.588573011324676365e+01 1.117000000000000000e+03
1.589849780471078056e+01 1.075000000000000000e+03
1.591126549617479746e+01 1.058000000000000000e+03
1.592403318763881082e+01 1.126000000000000000e+03
1.593680087910282772e+01 1.099000000000000000e+03
1.594956857056684463e+01 1.141000000000000000e+03
1.596233626203085798e+01 1.120000000000000000e+03
1.597510395349487489e+01 1.168000000000000000e+03
1.598787164495888824e+01 1.120000000000000000e+03
1.600063933642290337e+01 1.101000000000000000e+03
1.601340702788692028e+01 1.126000000000000000e+03
1.602617471935093363e+01 1.096000000000000000e+03
1.603894241081495053e+01 1.090000000000000000e+03
1.605171010227896744e+01 1.086000000000000000e+03
1.606447779374298079e+01 1.130000000000000000e+03
1.607724548520699770e+01 1.053000000000000000e+03
1.609001317667101105e+01 1.074000000000000000e+03
1.610278086813502796e+01 1.154000000000000000e+03
1.611554855959904486e+01 1.161000000000000000e+03
1.612831625106305822e+01 1.165000000000000000e+03
1.614108394252707512e+01 1.154000000000000000e+03
1.615385163399109203e+01 1.267000000000000000e+03
1.616661932545510538e+01 1.237000000000000000e+03
1.617938701691912229e+01 1.131000000000000000e+03
1.619215470838313919e+01 1.058000000000000000e+03
1.620492239984715255e+01 1.076000000000000000e+03
1.621769009131116945e+01 1.099000000000000000e+03
1.623045778277518281e+01 1.171000000000000000e+03
1.624322547423919971e+01 1.311000000000000000e+03
1.625599316570321662e+01 1.422000000000000000e+03
1.626876085716722997e+01 1.518000000000000000e+03
1.628152854863124688e+01 1.326000000000000000e+03
1.629429624009526378e+01 1.205000000000000000e+03
1.630706393155927714e+01 1.099000000000000000e+03
1.631983162302329404e+01 1.183000000000000000e+03
1.633259931448730740e+01 1.279000000000000000e+03
1.634536700595132430e+01 1.422000000000000000e+03
1.635813469741534121e+01 1.489000000000000000e+03
1.637090238887935456e+01 1.549000000000000000e+03
1.638367008034337147e+01 1.536000000000000000e+03
1.639643777180738837e+01 1.480000000000000000e+03
1.640920546327140173e+01 1.272000000000000000e+03
1.642197315473541863e+01 1.067000000000000000e+03
1.643474084619943554e+01 1.016000000000000000e+03
1.644750853766344889e+01 1.009000000000000000e+03
1.646027622912746580e+01 9.520000000000000000e+02
1.647304392059147915e+01 9.890000000000000000e+02
1.648581161205549606e+01 9.920000000000000000e+02
1.649857930351951296e+01 1.121000000000000000e+03
1.651134699498352632e+01 1.123000000000000000e+03
1.652411468644754322e+01 1.170000000000000000e+03
1.653688237791156013e+01 1.164000000000000000e+03
1.654965006937557348e+01 1.204000000000000000e+03
1.656241776083959039e+01 1.087000000000000000e+03
1.657518545230360374e+01 1.027000000000000000e+03
1.658795314376762065e+01 9.020000000000000000e+02
1.660072083523163755e+01 8.840000000000000000e+02
1.661348852669565090e+01 9.270000000000000000e+02
1.662625621815966781e+01 9.250000000000000000e+02
1.663902390962368472e+01 8.980000000000000000e+02
1.665179160108769807e+01 9.020000000000000000e+02
1.666455929255171498e+01 8.910000000000000000e+02
1.667732698401573188e+01 9.270000000000000000e+02
1.669009467547974523e+01 9.580000000000000000e+02
1.670286236694376214e+01 9.970000000000000000e+02
1.671563005840777549e+01 1.057000000000000000e+03
1.672839774987179240e+01 1.060000000000000000e+03
1.674116544133580931e+01 9.950000000000000000e+02
1.675393313279982266e+01 9.770000000000000000e+02
1.676670082426383956e+01 9.890000000000000000e+02
1.677946851572785647e+01 9.980000000000000000e+02
1.679223620719186982e+01 8.600000000000000000e+02
1.680500389865588673e+01 8.970000000000000000e+02
1.681777159011990008e+01 9.330000000000000000e+02
1.683053928158391699e+01 9.250000000000000000e+02
1.684330697304793389e+01 9.650000000000000000e+02
1.685607466451194725e+01 9.860000000000000000e+02
1.686884235597596415e+01 9.730000000000000000e+02
1.688161004743998106e+01 9.010000000000000000e+02
1.689437773890399441e+01 8.140000000000000000e+02
1.690714543036801132e+01 8.670000000000000000e+02
1.691991312183202822e+01 8.010000000000000000e+02
1.693268081329604158e+01 8.410000000000000000e+02
1.694544850476005848e+01 7.440000000000000000e+02
1.695821619622407184e+01 7.650000000000000000e+02
1.697098388768808874e+01 7.410000000000000000e+02
1.698375157915210565e+01 7.670000000000000000e+02
1.699651927061611900e+01 7.910000000000000000e+02
1.700928696208013591e+01 8.190000000000000000e+02
1.702205465354415281e+01 8.120000000000000000e+02
1.703482234500816617e+01 7.600000000000000000e+02
1.704759003647218307e+01 7.420000000000000000e+02
1.706035772793619643e+01 7.000000000000000000e+02
1.707312541940021333e+01 7.220000000000000000e+02
1.708589311086423024e+01 7.400000000000000000e+02
1.709866080232824359e+01 7.710000000000000000e+02
1.711142849379226050e+01 7.600000000000000000e+02
1.712419618525627740e+01 7.570000000000000000e+02
1.713696387672029076e+01 8.710000000000000000e+02
1.714973156818430766e+01 9.100000000000000000e+02
1.716249925964832457e+01 8.790000000000000000e+02
1.717526695111233792e+01 8.380000000000000000e+02
1.718803464257635483e+01 7.800000000000000000e+02
1.720080233404036818e+01 1.025000000000000000e+03
1.721357002550438509e+01 1.376000000000000000e+03
1.722633771696840199e+01 1.717000000000000000e+03
1.723910540843241535e+01 1.554000000000000000e+03
1.725187309989643225e+01 1.127000000000000000e+03
1.726464079136044916e+01 7.770000000000000000e+02
1.727740848282446251e+01 6.990000000000000000e+02
1.729017617428847942e+01 7.030000000000000000e+02
1.730294386575249277e+01 7.590000000000000000e+02
1.731571155721650968e+01 8.100000000000000000e+02
1.732847924868052658e+01 1.007000000000000000e+03
1.734124694014453993e+01 1.210000000000000000e+03
1.735401463160855684e+01 1.264000000000000000e+03
1.736678232307257375e+01 1.023000000000000000e+03
1.737955001453658710e+01 8.100000000000000000e+02
1.739231770600060401e+01 6.770000000000000000e+02
1.740508539746462091e+01 6.690000000000000000e+02
1.741785308892863426e+01 7.010000000000000000e+02
1.743062078039265117e+01 8.590000000000000000e+02
1.744338847185666452e+01 9.040000000000000000e+02
1.745615616332068143e+01 8.500000000000000000e+02
1.746892385478469834e+01 6.290000000000000000e+02
1.748169154624871169e+01 6.040000000000000000e+02
1.749445923771272859e+01 6.070000000000000000e+02
1.750722692917674550e+01 6.870000000000000000e+02
1.751999462064075885e+01 6.740000000000000000e+02
1.753276231210477576e+01 6.380000000000000000e+02
1.754553000356878911e+01 5.880000000000000000e+02
1.755829769503280602e+01 6.290000000000000000e+02
1.757106538649682292e+01 5.880000000000000000e+02
1.758383307796083628e+01 5.860000000000000000e+02
1.759660076942485318e+01 6.370000000000000000e+02
1.760936846088887009e+01 6.320000000000000000e+02
1.762213615235288344e+01 6.520000000000000000e+02
1.763490384381690035e+01 6.430000000000000000e+02
1.764767153528091725e+01 5.630000000000000000e+02
1.766043922674493061e+01 5.630000000000000000e+02
1.767320691820894751e+01 5.960000000000000000e+02
1.768597460967296087e+01 5.790000000000000000e+02
1.769874230113697777e+01 6.190000000000000000e+02
1.771150999260099468e+01 6.310000000000000000e+02
1.772427768406500803e+01 6.810000000000000000e+02
1.773704537552902494e+01 7.000000000000000000e+02
1.774981306699304184e+01 7.710000000000000000e+02
1.776258075845705520e+01 8.590000000000000000e+02
1.777534844992107210e+01 8.220000000000000000e+02
1.778811614138508546e+01 6.220000000000000000e+02
1.780088383284910236e+01 5.080000000000000000e+02
1.781365152431311927e+01 5.230000000000000000e+02
1.782641921577713262e+01 5.270000000000000000e+02
1.783918690724114953e+01 4.550000000000000000e+02
1.785195459870516643e+01 4.980000000000000000e+02
1.786472229016917979e+01 5.060000000000000000e+02
1.787748998163319669e+01 4.350000000000000000e+02
1.789025767309721360e+01 5.400000000000000000e+02
1.790302536456122695e+01 5.340000000000000000e+02
1.791579305602524386e+01 5.780000000000000000e+02
1.792856074748925721e+01 6.430000000000000000e+02
1.794132843895327412e+01 6.230000000000000000e+02
1.795409613041729102e+01 5.440000000000000000e+02
1.796686382188130437e+01 5.350000000000000000e+02
1.797963151334532128e+01 4.950000000000000000e+02
1.799239920480933819e+01 5.150000000000000000e+02
1.800516689627335154e+01 5.240000000000000000e+02
1.801793458773736845e+01 6.340000000000000000e+02
1.803070227920138180e+01 7.680000000000000000e+02
1.804346997066539871e+01 7.420000000000000000e+02
1.805623766212941561e+01 6.450000000000000000e+02
1.806900535359342896e+01 5.250000000000000000e+02
1.808177304505744587e+01 4.740000000000000000e+02
1.809454073652146278e+01 4.330000000000000000e+02
1.810730842798547613e+01 3.950000000000000000e+02
1.812007611944949304e+01 4.180000000000000000e+02
1.813284381091350994e+01 4.550000000000000000e+02
1.814561150237752329e+01 4.600000000000000000e+02
1.815837919384154020e+01 4.560000000000000000e+02
1.817114688530555355e+01 3.650000000000000000e+02
1.818391457676957046e+01 3.860000000000000000e+02
1.819668226823358737e+01 4.250000000000000000e+02
1.820944995969760072e+01 4.820000000000000000e+02
1.822221765116161762e+01 6.310000000000000000e+02
1.823498534262563453e+01 7.330000000000000000e+02
1.824775303408964788e+01 7.810000000000000000e+02
1.826052072555366479e+01 6.000000000000000000e+02
1.827328841701767814e+01 4.250000000000000000e+02
1.828605610848169505e+01 3.860000000000000000e+02
1.829882379994571195e+01 5.010000000000000000e+02
1.831159149140972531e+01 4.070000000000000000e+02
1.832435918287374221e+01 3.580000000000000000e+02
1.833712687433775912e+01 3.240000000000000000e+02
1.834989456580177247e+01 2.670000000000000000e+02
1.836266225726578938e+01 3.170000000000000000e+02
1.837542994872980628e+01 3.180000000000000000e+02
1.838819764019381964e+01 3.370000000000000000e+02
1.840096533165783654e+01 3.900000000000000000e+02
1.841373302312184990e+01 4.560000000000000000e+02
1.842650071458586680e+01 3.820000000000000000e+02
1.843926840604988371e+01 3.460000000000000000e+02
1.845203609751389706e+01 3.430000000000000000e+02
1.846480378897791397e+01 5.200000000000000000e+02
1.847757148044193087e+01 6.240000000000000000e+02
1.849033917190594423e+01 5.530000000000000000e+02
1.850310686336996113e+01 4.170000000000000000e+02
1.851587455483397449e+01 3.540000000000000000e+02
1.852864224629799139e+01 3.070000000000000000e+02
1.854140993776200830e+01 2.400000000000000000e+02
1.855417762922602165e+01 2.560000000000000000e+02
1.856694532069003856e+01 2.690000000000000000e+02
1.857971301215405546e+01 2.750000000000000000e+02
1.859248070361806882e+01 2.820000000000000000e+02
1.860524839508208572e+01 2.880000000000000000e+02
1.861801608654609907e+01 2.780000000000000000e+02
1.863078377801011598e+01 2.420000000000000000e+02
1.864355146947413289e+01 2.300000000000000000e+02
1.865631916093814624e+01 2.200000000000000000e+02
1.866908685240216315e+01 2.100000000000000000e+02
1.868185454386618005e+01 2.190000000000000000e+02
1.869462223533019340e+01 1.920000000000000000e+02
1.870738992679421031e+01 2.100000000000000000e+02
1.872015761825822722e+01 2.330000000000000000e+02
1.873292530972224057e+01 2.270000000000000000e+02
1.874569300118625748e+01 2.110000000000000000e+02
1.875846069265027083e+01 2.390000000000000000e+02
1.877122838411428773e+01 2.270000000000000000e+02
1.878399607557830464e+01 2.570000000000000000e+02
1.879676376704231799e+01 2.000000000000000000e+02
1.880953145850633490e+01 1.980000000000000000e+02
1.882229914997035181e+01 1.690000000000000000e+02
1.883506684143436516e+01 1.270000000000000000e+02
1.884783453289838207e+01 1.870000000000000000e+02
1.886060222436239542e+01 1.650000000000000000e+02
1.887336991582641232e+01 1.510000000000000000e+02
1.888613760729042923e+01 1.160000000000000000e+02
1.889890529875444258e+01 1.390000000000000000e+02
1.891167299021845949e+01 1.650000000000000000e+02
1.892444068168247640e+01 1.590000000000000000e+02
1.893720837314648975e+01 1.690000000000000000e+02
1.894997606461050665e+01 2.010000000000000000e+02
1.896274375607452356e+01 1.640000000000000000e+02
1.897551144753853691e+01 1.530000000000000000e+02
1.898827913900255382e+01 1.050000000000000000e+02
1.900104683046656717e+01 1.030000000000000000e+02
1.901381452193058408e+01 1.000000000000000000e+02
1.902658221339460098e+01 1.020000000000000000e+02
1.903934990485861434e+01 7.200000000000000000e+01
1.905211759632263124e+01 9.300000000000000000e+01
1.906488528778664815e+01 9.200000000000000000e+01
1.907765297925066150e+01 1.190000000000000000e+02
1.909042067071467841e+01 1.310000000000000000e+02
1.910318836217869176e+01 1.430000000000000000e+02
1.911595605364270867e+01 1.580000000000000000e+02
1.912872374510672557e+01 1.260000000000000000e+02
1.914149143657073893e+01 7.500000000000000000e+01
1.915425912803475583e+01 5.300000000000000000e+01
1.916702681949877274e+01 4.000000000000000000e+01
1.917979451096278609e+01 5.100000000000000000e+01
1.919256220242680300e+01 1.700000000000000000e+01
1.920532989389081990e+01 1.400000000000000000e+01
1.921809758535483326e+01 2.400000000000000000e+01
1.923086527681885016e+01 1.800000000000000000e+01
